[{"id": "57db31d5-f43c-46d4-b040-a0e035539d95", "home_win_prob": 0.5600242018003952, "away_win_prob": 0.19140131777911848, "home_goals_probs": [0.19901230234825895, 0.3212831992004845, 0.2593379727547312, 0.13955742530764378, 0.05632498034789795, 0.018186081631687015, 0.004893233917875165, 0.0011285116038563525], "away_goals_probs": [0.437301382855833, 0.3617062552838892, 0.1495895282300374, 0.041243461380049584, 0.008528453462289603, 0.0014108324767061944, 0.0001944909361478537, 2.2981400719006204e-05], "draw_prob": 0.24829557428081564, "heatmap": [[0.08702835502221677, 0.0719839946378139, 0.029770156420249622, 0.00820795620605517, 0.0016972671590002343, 0.00028077301941699617, 3.8706088988652586e-05, 4.573581468277358e-06], [0.14049758729871792, 0.11621014286843508, 0.0480606021966376, 0.01325083121828396, 0.002740048812596852, 0.00045327677165210914, 6.248667018107959e-05, 7.383537945110627e-06], [0.11340885411267229, 0.09380416697802911, 0.038794244996514536, 0.010695995663690108, 0.002211751831643254, 0.000365882434405521, 5.0438885099754245e-05, 5.959949873531191e-06], [0.061028655074832246, 0.050478793705088905, 0.020876329412769117, 0.005755831280974961, 0.0011902090070531972, 0.00019689214798952282, 2.714265429446781e-05, 3.2072251143077396e-06], [0.02463099179546339, 0.02037309772057682, 0.008425627237808183, 0.0023230371517105807, 0.0004803649736614241, 7.946511152465259e-05, 1.0954698156372135e-05, 1.2944269438651923e-06], [0.007952798646265795, 0.006578019485284632, 0.0027204473716370093, 0.0007500569554309125, 0.00015509915085724246, 2.565751459001402e-05, 3.5370280414080943e-06, 4.179416294863575e-07], [0.0021398179589238752, 0.0017699133166627398, 0.0007319765532941636, 0.0002018139041154331, 4.173171774869537e-05, 6.903533327458574e-06, 9.516896454779707e-07, 1.1245336947852186e-07], [0.0004934996849352369, 0.00040818970627529714, 0.00016881351842299464, 4.654372475058729e-05, 9.624458695142702e-06, 1.5921408210603375e-06, 2.1948527828773782e-07, 2.5934777384271226e-08]]}, {"id": "b3559ba3-1ab4-4a28-bcd9-31ac45df1d3c", "home_win_prob": 0.16649813750394793, "away_win_prob": 0.585476821550158, "home_goals_probs": [0.4853367383595592, 0.35085590899750574, 0.12681903011767073, 0.030559679890510276, 0.00552299229546188, 0.0007985278381192357, 9.621093574813909e-05, 9.936010152311989e-06], "away_goals_probs": [0.200521230623988, 0.32220456157606, 0.2588648074255378, 0.13865102384165987, 0.055697334653737135, 0.01789928701037567, 0.004793533919704757, 0.0011003455417465387], "draw_prob": 0.24775619024475865, "heatmap": [[0.09732032004289129, 0.1563777109998967, 0.12563660131198592, 0.06729243568152468, 0.02703196273616563, 0.008687181576577352, 0.00232647811780542, 0.0005340381162997473], [0.0703540586438778, 0.11304737433491133, 0.09082424731675134, 0.04864653100340041, 0.01954173897867522, 0.0062800706144326025, 0.0016818397007083892, 0.0003860627352608347], [0.025429907985735932, 0.04086166999856525, 0.03282898380930431, 0.017583588368421346, 0.007063481960926276, 0.0022699702184536645, 0.0006079113225331138, 0.000139544754398599], [0.00612786461912026, 0.0098464682610266, 0.007910825649843023, 0.004237130905092634, 0.001702092717772832, 0.0005469964813054492, 0.00014648886213048035, 3.362620752472433e-05], [0.0011074772118128205, 0.001779533311147252, 0.0014297083369774685, 0.0007657685364353888, 0.00030761595017035214, 9.885762425256573e-05, 2.6474650906564556e-05, 6.077199949411961e-06], [0.00016012178478718182, 0.00025728931198748734, 0.00020671075503866698, 0.00011071670232129926, 4.447587223005231e-05, 1.4293078960271002e-05, 3.827770277853065e-06, 8.786565466350028e-07], [1.929233523570229e-05, 3.099960237155163e-05, 2.4905625354672816e-05, 1.3339744746243639e-05, 5.358692685713305e-06, 1.7221071524927541e-06, 4.611903839552397e-07, 1.0586527421772753e-07], [1.9923809832340385e-06, 3.2014277949409653e-06, 2.5720833546564318e-06, 1.377637980519184e-06, 5.534092825762506e-07, 1.7784749745423875e-07, 4.7628601691638345e-08, 1.0933044473844844e-08]]}, {"id": "f2abe97b-7c77-49e8-b189-a4b0466bdc50", "home_win_prob": 0.3479286983521431, "away_win_prob": 0.4123272866343853, "home_goals_probs": [0.23256695407580766, 0.3392168382904731, 0.24738695967587326, 0.1202776531300725, 0.04385855825252174, 0.012794217924485925, 0.003110225590726546, 0.0006480719839208575], "away_goals_probs": [0.200521230623988, 0.32220456157606, 0.2588648074255378, 0.13865102384165987, 0.055697334653737135, 0.01789928701037567, 0.004793533919704757, 0.0011003455417465387], "draw_prob": 0.2393356561723035, "heatmap": [[0.046634611833753455, 0.07493413347507528, 0.06020339978037784, 0.03224564629434702, 0.012953359470560574, 0.004162782660131739, 0.0011148175829648025, 0.00025590401107488693], [0.068020177862384, 0.10929721266059912, 0.08781130151956312, 0.04703276193330486, 0.018893473762447113, 0.00607173954731337, 0.0016260474204803862, 0.00037325573569827863], [0.049606337594533, 0.07970920688199917, 0.06403977767608422, 0.034300455244135254, 0.013778794282037687, 0.004428050193862687, 0.0011858577824989313, 0.0002722111381655779], [0.0241182230222073, 0.03875400849417243, 0.031135651515111853, 0.016676619751756577, 0.006699144697751762, 0.0021528842343095773, 0.0005765550100614856, 0.0001323469793934119], [0.008794572074189523, 0.014131427533111853, 0.011353437236000772, 0.00608103400593122, 0.0024428047964211276, 0.0007850369220231669, 0.00021023748665280993, 4.8259569040593156e-05], [0.002565512323089403, 0.004122355377067555, 0.003311972759182413, 0.00177393141448329, 0.0007126038373729347, 0.00022900737870366647, 6.132951759711787e-05, 1.407806065334174e-05], [0.0006236662629707071, 0.001002128872862689, 0.0008051279485934069, 0.000431235962532767, 0.00017323127557531372, 5.5670820515429656e-05, 1.4908971867081463e-05, 3.4223228625819497e-06], [0.0001299521917487397, 0.00020881174944894728, 0.000167763029315559, 8.985584409372263e-05, 3.609588216815135e-05, 1.1600026443582994e-05, 3.106555037334986e-06, 7.131031182381501e-07]]}, {"id": "99b20cf8-f5a4-4312-87a5-2b8de724095a", "home_win_prob": 0.3198473487503821, "away_win_prob": 0.44807676902314114, "home_goals_probs": [0.23462972761629178, 0.34015365799085207, 0.24656831046102162, 0.119153859430665, 0.04318572667755826, 0.012521672382783415, 0.0030255420661019546, 0.0006266099183140088], "away_goals_probs": [0.17346948332715426, 0.30387578907567997, 0.26615775125189556, 0.15541426485899543, 0.06806187385503568, 0.023845526287367257, 0.006961914354731076, 0.0017422226314431346], "draw_prob": 0.23146987797070492, "heatmap": [[0.04070109762278907, 0.07129829362001253, 0.062448520679197, 0.03646480663155233, 0.01596933892366143, 0.005594869337672105, 0.001633472068738504, 0.0004087772214624418], [0.059006279303514646, 0.10336446122894914, 0.09053453269095156, 0.05286473069574643, 0.023151495361502322, 0.008111142993364994, 0.002368120634380798, 0.0005926234011198303], [0.04277207742052278, 0.07492613990240019, 0.06562606704228476, 0.038320232707824226, 0.016781901243247327, 0.0058795511287300225, 0.001716587460020375, 0.00042957689068188885], [0.020669558431873826, 0.03620797305590598, 0.03171372327905027, 0.01851820946852888, 0.008109834949910575, 0.0028412864872951853, 0.0008295389643919555, 0.00020759255052389854], [0.007491405693863733, 0.013123096770949659, 0.011494215898677902, 0.006711677963994224, 0.0029393014814660195, 0.001029786380728773, 0.0003006553304759856, 7.523915037295953e-05], [0.0021721280386333354, 0.00380503307586546, 0.0033327401633145987, 0.0019460465081754701, 0.0008522484861710889, 0.00029858586796546255, 8.717481070693953e-05, 2.1815541008801747e-05], [0.0005248392189912769, 0.0009193889827183945, 0.0008052714726317102, 0.00047021239600320144, 0.00020592406244613525, 7.21456428707696e-05, 2.1063564740837914e-05, 5.271167859946046e-06], [0.00010869769877760144, 0.0001904115833703168, 0.00016677708677059056, 9.738411980812685e-05, 4.2648245216602275e-05, 1.4941843279081746e-05, 4.362404585127165e-06, 1.0916939807734e-06]]}, {"id": "561c2be0-0410-48aa-8ea2-663de616a352", "home_win_prob": 0.5600242018003952, "away_win_prob": 0.19140131777911848, "home_goals_probs": [0.19901230234825895, 0.3212831992004845, 0.2593379727547312, 0.13955742530764378, 0.05632498034789795, 0.018186081631687015, 0.004893233917875165, 0.0011285116038563525], "away_goals_probs": [0.437301382855833, 0.3617062552838892, 0.1495895282300374, 0.041243461380049584, 0.008528453462289603, 0.0014108324767061944, 0.0001944909361478537, 2.2981400719006204e-05], "draw_prob": 0.24829557428081564, "heatmap": [[0.08702835502221677, 0.0719839946378139, 0.029770156420249622, 0.00820795620605517, 0.0016972671590002343, 0.00028077301941699617, 3.8706088988652586e-05, 4.573581468277358e-06], [0.14049758729871792, 0.11621014286843508, 0.0480606021966376, 0.01325083121828396, 0.002740048812596852, 0.00045327677165210914, 6.248667018107959e-05, 7.383537945110627e-06], [0.11340885411267229, 0.09380416697802911, 0.038794244996514536, 0.010695995663690108, 0.002211751831643254, 0.000365882434405521, 5.0438885099754245e-05, 5.959949873531191e-06], [0.061028655074832246, 0.050478793705088905, 0.020876329412769117, 0.005755831280974961, 0.0011902090070531972, 0.00019689214798952282, 2.714265429446781e-05, 3.2072251143077396e-06], [0.02463099179546339, 0.02037309772057682, 0.008425627237808183, 0.0023230371517105807, 0.0004803649736614241, 7.946511152465259e-05, 1.0954698156372135e-05, 1.2944269438651923e-06], [0.007952798646265795, 0.006578019485284632, 0.0027204473716370093, 0.0007500569554309125, 0.00015509915085724246, 2.565751459001402e-05, 3.5370280414080943e-06, 4.179416294863575e-07], [0.0021398179589238752, 0.0017699133166627398, 0.0007319765532941636, 0.0002018139041154331, 4.173171774869537e-05, 6.903533327458574e-06, 9.516896454779707e-07, 1.1245336947852186e-07], [0.0004934996849352369, 0.00040818970627529714, 0.00016881351842299464, 4.654372475058729e-05, 9.624458695142702e-06, 1.5921408210603375e-06, 2.1948527828773782e-07, 2.5934777384271226e-08]]}, {"id": "96ba5b51-0e75-4976-86a8-ba8084f108ef", "home_win_prob": 0.3425749229208418, "away_win_prob": 0.41753075364539255, "home_goals_probs": [0.23645274381397627, 0.34096648946466845, 0.24583801621968754, 0.11816670569536793, 0.04259930141078437, 0.01228569736294505, 0.0029526767398988275, 0.0006082543213426755], "away_goals_probs": [0.19901230234825895, 0.3212831992004845, 0.2593379727547312, 0.13955742530764378, 0.05632498034789795, 0.018186081631687015, 0.004893233917875165, 0.0011285116038563525], "draw_prob": 0.2394879515247128, "heatmap": [[0.04705700494298246, 0.07596829399228686, 0.061321175233010415, 0.032998736133606425, 0.013318196148528761, 0.004300148901037349, 0.0011570185860051959, 0.0002668396651577456], [0.06785652609196705, 0.10954680455536697, 0.08842555815506453, 0.04758440538587498, 0.019204930818389206, 0.006200844411074211, 0.0016684287911073409, 0.00038478463988704314], [0.04892478961260865, 0.07898362433616181, 0.06375513275245849, 0.03430852058635837, 0.013846821432340117, 0.004470830231143234, 0.00120294291926932, 0.0002774310539729436], [0.023516628161344293, 0.037964977244789914, 0.03064511390214167, 0.016491041203931633, 0.0066557373760674395, 0.002148989355923496, 0.0005782173322721468, 0.00013335249856670124], [0.008477785052187633, 0.013686439840962515, 0.01104761646864058, 0.005945048824793344, 0.002399404814796611, 0.0007747143729093644, 0.00020844834654103745, 4.807380595824445e-05], [0.002445004918153628, 0.0039471881531759415, 0.0031861478479843163, 0.0017145602920815202, 0.0006919916625281017, 0.00022342869514472058, 6.0116791041112196e-05, 1.386455203555088e-05], [0.000587618996097417, 0.0009486454291995521, 0.0007657411999254107, 0.00041206796358604777, 0.00016630945934849686, 5.3697620223783564e-05, 1.444813797219401e-05, 3.332129963412572e-06], [0.0001210500929036836, 0.00019542189428849432, 0.0001577434426163143, 8.4886407018832e-05, 3.42599126961502e-05, 1.1061762740764281e-05, 2.9763306758881193e-06, 6.864220597309799e-07]]}, {"id": "fefbe79d-582f-4b6c-8845-5f6190ade385", "home_win_prob": 0.3479286983521431, "away_win_prob": 0.4123272866343853, "home_goals_probs": [0.23256695407580766, 0.3392168382904731, 0.24738695967587326, 0.1202776531300725, 0.04385855825252174, 0.012794217924485925, 0.003110225590726546, 0.0006480719839208575], "away_goals_probs": [0.200521230623988, 0.32220456157606, 0.2588648074255378, 0.13865102384165987, 0.055697334653737135, 0.01789928701037567, 0.004793533919704757, 0.0011003455417465387], "draw_prob": 0.2393356561723035, "heatmap": [[0.046634611833753455, 0.07493413347507528, 0.06020339978037784, 0.03224564629434702, 0.012953359470560574, 0.004162782660131739, 0.0011148175829648025, 0.00025590401107488693], [0.068020177862384, 0.10929721266059912, 0.08781130151956312, 0.04703276193330486, 0.018893473762447113, 0.00607173954731337, 0.0016260474204803862, 0.00037325573569827863], [0.049606337594533, 0.07970920688199917, 0.06403977767608422, 0.034300455244135254, 0.013778794282037687, 0.004428050193862687, 0.0011858577824989313, 0.0002722111381655779], [0.0241182230222073, 0.03875400849417243, 0.031135651515111853, 0.016676619751756577, 0.006699144697751762, 0.0021528842343095773, 0.0005765550100614856, 0.0001323469793934119], [0.008794572074189523, 0.014131427533111853, 0.011353437236000772, 0.00608103400593122, 0.0024428047964211276, 0.0007850369220231669, 0.00021023748665280993, 4.8259569040593156e-05], [0.002565512323089403, 0.004122355377067555, 0.003311972759182413, 0.00177393141448329, 0.0007126038373729347, 0.00022900737870366647, 6.132951759711787e-05, 1.407806065334174e-05], [0.0006236662629707071, 0.001002128872862689, 0.0008051279485934069, 0.000431235962532767, 0.00017323127557531372, 5.5670820515429656e-05, 1.4908971867081463e-05, 3.4223228625819497e-06], [0.0001299521917487397, 0.00020881174944894728, 0.000167763029315559, 8.985584409372263e-05, 3.609588216815135e-05, 1.1600026443582994e-05, 3.106555037334986e-06, 7.131031182381501e-07]]}, {"id": "57a47674-2d2d-4dd0-a49b-ff231992bd07", "home_win_prob": 0.6198586220432014, "away_win_prob": 0.14996258736100093, "home_goals_probs": [0.17346948332715426, 0.30387578907567997, 0.26615775125189556, 0.15541426485899543, 0.06806187385503568, 0.023845526287367257, 0.006961914354731076, 0.0017422226314431346], "away_goals_probs": [0.4853367383595592, 0.35085590899750574, 0.12681903011767073, 0.030559679890510276, 0.00552299229546188, 0.0007985278381192357, 9.621093574813909e-05, 9.936010152311989e-06], "draw_prob": 0.2297066411424841, "heatmap": [[0.08419111324291899, 0.060862793256076374, 0.02199923163056316, 0.005301171881250044, 0.000958070619913626, 0.0001385202115008933, 1.6689661314651724e-05, 1.72359454745492e-06], [0.1474820843364279, 0.10661661619848202, 0.03853723284681962, 0.009286346840629, 0.0016783036418423797, 0.0002426532769073796, 2.9236174018175313e-05, 3.019312925297773e-06], [0.12917613488170987, 0.09338301975221584, 0.033753867872065656, 0.00813369567863599, 0.0014699872095416786, 0.00021253437370585346, 2.5607286304565312e-05, 2.644546118555363e-06], [0.0754282524012135, 0.05452801316828195, 0.0197094863358686, 0.00474941018450988, 0.0008583517874211037, 0.00012410261693074392, 1.495255185069308e-05, 1.544197713453083e-06], [0.03303292786344277, 0.023879910619482112, 0.008631540830286876, 0.0020799490777581807, 0.0003759052049160604, 5.434930098780577e-05, 6.548296572364785e-06, 6.762634696090124e-07], [0.011573109952777954, 0.008366343801078157, 0.0030240665164093373, 0.0007287116501626913, 0.0001316986579663631, 1.9041316555066783e-05, 2.2942003975144527e-06, 2.3692939127850349e-07], [0.0033788728056637755, 0.0024426287892919552, 0.0008829032262292845, 0.00021275387410573009, 3.8450599342845196e-05, 5.55928241885468e-06, 6.698122946670787e-07, 6.917365170813454e-08], [0.0008455646494408194, 0.0006112691050310074, 0.00022094698436867446, 5.324176591490466e-05, 9.622282170439755e-06, 1.3912132714086922e-06, 1.6762086965272924e-07, 1.7310741753606694e-08]]}, {"id": "929bb06b-ce74-4838-ae16-263824f895ce", "home_win_prob": 0.41609540002145545, "away_win_prob": 0.3557710026958616, "home_goals_probs": [0.17346948332715426, 0.30387578907567997, 0.26615775125189556, 0.15541426485899543, 0.06806187385503568, 0.023845526287367257, 0.006961914354731076, 0.0017422226314431346], "away_goals_probs": [0.200521230623988, 0.32220456157606, 0.2588648074255378, 0.13865102384165987, 0.055697334653737135, 0.01789928701037567, 0.004793533919704757, 0.0011003455417465387], "draw_prob": 0.22739467373381797, "heatmap": [[0.034784314272468336, 0.05589265882225138, 0.04490514439569133, 0.024051721468593683, 0.009661787865083385, 0.0031049800696143106, 0.0008315318523623727, 0.0001908763726081097], [0.060933547182290757, 0.09791016539270873, 0.07866274762035924, 0.04213268927603531, 0.016925071517316585, 0.0054391599641699755, 0.0014566389023113202, 0.000334368369754136], [0.05337027982114338, 0.08575724155218703, 0.06889887502263614, 0.036903044714469146, 0.014824277342162951, 0.004764033979693853, 0.0012758362086183026, 0.0002928654949913075], [0.031163859646048175, 0.05007518507155829, 0.04023128374390538, 0.021548346942298617, 0.008656160319816008, 0.0027818045322177006, 0.0007449835502075736, 0.00017100939346141136], [0.013647850703986388, 0.02192984622550687, 0.017618823868505055, 0.009436848494582598, 0.0037908649652643642, 0.0012182590145952675, 0.0003262569009627799, 7.489157945930381e-05], [0.004781534276019538, 0.00768313734297158, 0.006172767570339925, 0.0033062066337866845, 0.00132813225762198, 0.0004268179189310443, 0.00011430433909170638, 2.6238318540904454e-05], [0.0013960116339094826, 0.002243160562396205, 0.0018021946187505471, 0.0009652765531814124, 0.00038776007364611315, 0.00012461330317698586, 3.337217260548286e-05, 7.660511422249569e-06], [0.00034935262607794, 0.0005613520791320247, 0.00045100012598094075, 0.00024156095160970145, 9.70371569448028e-05, 3.1184542916172616e-05, 8.351403279499945e-06, 1.917046905238376e-06]]}, {"id": "1ecb204e-da04-4964-a665-f3e7abeaec0e", "home_win_prob": 0.1825496698613898, "away_win_prob": 0.5684188322766045, "home_goals_probs": [0.4549521431007949, 0.3583034954050767, 0.14109329603823062, 0.037039955312047686, 0.0072928250032521565, 0.0011487118940612913, 0.00015078050629322218, 1.6964164963936624e-05], "away_goals_probs": [0.200521230623988, 0.32220456157606, 0.2588648074255378, 0.13865102384165987, 0.055697334653737135, 0.01789928701037567, 0.004793533919704757, 0.0011003455417465387], "draw_prob": 0.2487617943693663, "heatmap": [[0.09122756360959208, 0.1465876558058805, 0.11777109891162299, 0.06307958043988257, 0.02533962176571988, 0.00814331898534663, 0.0021808285297960327, 0.0005006045623689929], [0.0718474578355024, 0.11544702064816256, 0.09275216533793225, 0.04967914648395936, 0.019956549691180325, 0.006413377101076288, 0.0017175399587730127, 0.0003942576537611776], [0.028292201354380653, 0.04546090359131934, 0.036524088907970965, 0.019562729952895087, 0.007858520526840135, 0.00252546940102819, 0.0006763355004022032, 0.00015525137926599163], [0.007427297421429323, 0.011934442562115179, 0.00958834089890375, 0.005135627727064739, 0.0020630267865745884, 0.0006629887909818304, 0.00017755228217264897, 4.075674969410269e-05], [0.0014623662443775116, 0.002349781482823789, 0.0018878557400550165, 0.001011157653398968, 0.000406190914777277, 0.00013053636784965422, 3.4958404023560165e-05, 8.024627479066197e-06], [0.00023034112262958225, 0.00037012021220322384, 0.000297361083243601, 0.00015927008021069037, 6.398019078425998e-05, 2.0561123884035302e-05, 5.506389428151097e-06, 1.263980011381564e-06], [3.0234692676024878e-05, 4.858216692442401e-05, 3.903176672512005e-05, 2.0905871572919092e-05, 8.398072318273514e-06, 2.6988635577121387e-06, 7.227714713468171e-07, 1.6591065788203294e-07], [3.4016752350769127e-06, 5.465931334709157e-06, 4.391425296524509e-06, 2.352098840868628e-06, 9.448587731175807e-07, 3.0364645758086085e-07, 8.131830017409722e-08, 1.8666443287520495e-08]]}, {"id": "4f5acc53-d6e2-47ab-ba1e-c2134876d519", "home_win_prob": 0.3822232360499967, "away_win_prob": 0.38367069039678503, "home_goals_probs": [0.200521230623988, 0.32220456157606, 0.2588648074255378, 0.13865102384165987, 0.055697334653737135, 0.01789928701037567, 0.004793533919704757, 0.0011003455417465387], "away_goals_probs": [0.19983964536017682, 0.32178979198866353, 0.2590793984884195, 0.1390600041646358, 0.05597999552770179, 0.018028245680599263, 0.004838300409164467, 0.0011129749836872784], "draw_prob": 0.23356662751566215, "heatmap": [[0.04007209161508399, 0.06452568509180392, 0.05195091981422045, 0.027884483165669664, 0.011225177593540107, 0.00361504600986536, 0.0009701819521742036, 0.00022317511338268604], [0.06438924531879107, 0.10368213884735887, 0.08347656400335053, 0.04480576767463155, 0.018037009916032954, 0.005808782995502982, 0.0015589224621081089, 0.00035860561666408206], [0.05173145131214994, 0.08330005253464925, 0.06706653859762889, 0.03599774119867293, 0.014491250761960991, 0.004666878346328612, 0.0012524657036852606, 0.0002881100548216484], [0.027707971433342728, 0.04461648412102295, 0.035921623856700745, 0.019280811952852236, 0.007761683694567393, 0.00249963472168407, 0.0006708353053841752, 0.00015431512099839585], [0.011130535604709916, 0.017922833732549055, 0.01443003195949842, 0.007745271588907799, 0.003117936544821115, 0.0010041252328921281, 0.00026948043704454666, 6.198974012766798e-05], [0.0035769871683534933, 0.0057598078438141735, 0.0046373365120197085, 0.0024890749262068516, 0.0010020020067898806, 0.0003226927437306116, 8.660212766605283e-05, 1.9921458668386774e-05], [0.0009579381185357769, 0.0015425102829123966, 0.0012419058845509442, 0.0006665888468374664, 0.0002683420073869591, 8.641900718272333e-05, 2.3192557125051277e-05, 5.3350833360878175e-06], [0.0002198926628362799, 0.000354079962994272, 0.0002850768610851073, 0.0001530140556178121, 6.159733850589783e-05, 1.983729976015869e-05, 5.323802284854576e-06, 1.2246570613757234e-06]]}, {"id": "d1fb3f12-45f2-4e1b-ba79-4056e4b7daaf", "home_win_prob": 0.585476821550158, "away_win_prob": 0.16649813750394793, "home_goals_probs": [0.200521230623988, 0.32220456157606, 0.2588648074255378, 0.13865102384165987, 0.055697334653737135, 0.01789928701037567, 0.004793533919704757, 0.0011003455417465387], "away_goals_probs": [0.4853367383595592, 0.35085590899750574, 0.12681903011767073, 0.030559679890510276, 0.00552299229546188, 0.0007985278381192357, 9.621093574813909e-05, 9.936010152311989e-06], "draw_prob": 0.24775619024475865, "heatmap": [[0.09732032004289129, 0.0703540586438778, 0.025429907985735932, 0.00612786461912026, 0.0011074772118128205, 0.00016012178478718182, 1.929233523570229e-05, 1.9923809832340385e-06], [0.1563777109998967, 0.11304737433491133, 0.04086166999856525, 0.0098464682610266, 0.001779533311147252, 0.00025728931198748734, 3.099960237155163e-05, 3.2014277949409653e-06], [0.12563660131198592, 0.09082424731675134, 0.03282898380930431, 0.007910825649843023, 0.0014297083369774685, 0.00020671075503866698, 2.4905625354672816e-05, 2.5720833546564318e-06], [0.06729243568152468, 0.04864653100340041, 0.017583588368421346, 0.004237130905092634, 0.0007657685364353888, 0.00011071670232129926, 1.3339744746243639e-05, 1.377637980519184e-06], [0.02703196273616563, 0.01954173897867522, 0.007063481960926276, 0.001702092717772832, 0.00030761595017035214, 4.447587223005231e-05, 5.358692685713305e-06, 5.534092825762506e-07], [0.008687181576577352, 0.0062800706144326025, 0.0022699702184536645, 0.0005469964813054492, 9.885762425256573e-05, 1.4293078960271002e-05, 1.7221071524927541e-06, 1.7784749745423875e-07], [0.00232647811780542, 0.0016818397007083892, 0.0006079113225331138, 0.00014648886213048035, 2.6474650906564556e-05, 3.827770277853065e-06, 4.611903839552397e-07, 4.7628601691638345e-08], [0.0005340381162997473, 0.0003860627352608347, 0.000139544754398599, 3.362620752472433e-05, 6.077199949411961e-06, 8.786565466350028e-07, 1.0586527421772753e-07, 1.0933044473844844e-08]]}, {"id": "b4fe9425-b72f-45cd-b094-5a47d44ef405", "home_win_prob": 0.1825496698613898, "away_win_prob": 0.5684188322766045, "home_goals_probs": [0.4549521431007949, 0.3583034954050767, 0.14109329603823062, 0.037039955312047686, 0.0072928250032521565, 0.0011487118940612913, 0.00015078050629322218, 1.6964164963936624e-05], "away_goals_probs": [0.200521230623988, 0.32220456157606, 0.2588648074255378, 0.13865102384165987, 0.055697334653737135, 0.01789928701037567, 0.004793533919704757, 0.0011003455417465387], "draw_prob": 0.2487617943693663, "heatmap": [[0.09122756360959208, 0.1465876558058805, 0.11777109891162299, 0.06307958043988257, 0.02533962176571988, 0.00814331898534663, 0.0021808285297960327, 0.0005006045623689929], [0.0718474578355024, 0.11544702064816256, 0.09275216533793225, 0.04967914648395936, 0.019956549691180325, 0.006413377101076288, 0.0017175399587730127, 0.0003942576537611776], [0.028292201354380653, 0.04546090359131934, 0.036524088907970965, 0.019562729952895087, 0.007858520526840135, 0.00252546940102819, 0.0006763355004022032, 0.00015525137926599163], [0.007427297421429323, 0.011934442562115179, 0.00958834089890375, 0.005135627727064739, 0.0020630267865745884, 0.0006629887909818304, 0.00017755228217264897, 4.075674969410269e-05], [0.0014623662443775116, 0.002349781482823789, 0.0018878557400550165, 0.001011157653398968, 0.000406190914777277, 0.00013053636784965422, 3.4958404023560165e-05, 8.024627479066197e-06], [0.00023034112262958225, 0.00037012021220322384, 0.000297361083243601, 0.00015927008021069037, 6.398019078425998e-05, 2.0561123884035302e-05, 5.506389428151097e-06, 1.263980011381564e-06], [3.0234692676024878e-05, 4.858216692442401e-05, 3.903176672512005e-05, 2.0905871572919092e-05, 8.398072318273514e-06, 2.6988635577121387e-06, 7.227714713468171e-07, 1.6591065788203294e-07], [3.4016752350769127e-06, 5.465931334709157e-06, 4.391425296524509e-06, 2.352098840868628e-06, 9.448587731175807e-07, 3.0364645758086085e-07, 8.131830017409722e-08, 1.8666443287520495e-08]]}, {"id": "e2f61185-6fc0-4611-84e0-5bb66912e4e0", "home_win_prob": 0.5596539731488975, "away_win_prob": 0.19175814675426112, "home_goals_probs": [0.19901230234825895, 0.3212831992004845, 0.2593379727547312, 0.13955742530764378, 0.05632498034789795, 0.018186081631687015, 0.004893233917875165, 0.0011285116038563525], "away_goals_probs": [0.43667334095249644, 0.3618143720126703, 0.14989424303917373, 0.04139928433707082, 0.008575549878725441, 0.0014210884444039883, 0.000196245177216816, 2.3228977196526993e-05], "draw_prob": 0.24830894075962756, "heatmap": [[0.08690336695706259, 0.07200551119693098, 0.02983079841597545, 0.008238966891490678, 0.0017066399252674829, 0.00028281408316134347, 3.9055204542660646e-05, 4.6228522330760425e-06], [0.14029580798678198, 0.11624487895694495, 0.048158501945360685, 0.01330089451642462, 0.0027551800999402365, 0.00045657184176495317, 6.305027836388468e-05, 7.463080107855294e-06], [0.11324597899865596, 0.09383220575129207, 0.03887326911738429, 0.010736406473472642, 0.0022239657208057368, 0.00036854219627690485, 5.0893826422302027e-05, 6.02415585531319e-06], [0.06094100716381729, 0.050493882197390275, 0.02091885462698529, 0.005777577531660668, 0.0011967816616721995, 0.0001983234444354653, 2.738747166142112e-05, 3.2417762500772766e-06], [0.024595617347600303, 0.020379187393200694, 0.0084427902934445, 0.0023318138767025533, 0.00048301767839162914, 8.00427787036795e-05, 1.1053505750106912e-05, 1.3083716840961525e-06], [0.007941377024943597, 0.006579985704939996, 0.0027259889400303465, 0.0007528907644473915, 0.00015595565013110457, 2.5844030455778045e-05, 3.568930812689901e-06, 4.224440755166361e-07], [0.002136744802980622, 0.0017704423571071012, 0.0007334675941335083, 0.000202576382293913, 4.1962171531009586e-05, 6.953718176458051e-06, 9.602735573767467e-07, 1.1366481909559464e-07], [0.0004927909323596136, 0.00040831171725829753, 0.00016915739262097186, 4.671957276573296e-05, 9.677607547590598e-06, 1.6037147996160737e-06, 2.2146495969002318e-07, 2.6214170311995315e-08]]}, {"id": "11e35f24-9b78-4b33-9370-f13d27f6d6b3", "home_win_prob": 0.16649813750394793, "away_win_prob": 0.585476821550158, "home_goals_probs": [0.4853367383595592, 0.35085590899750574, 0.12681903011767073, 0.030559679890510276, 0.00552299229546188, 0.0007985278381192357, 9.621093574813909e-05, 9.936010152311989e-06], "away_goals_probs": [0.200521230623988, 0.32220456157606, 0.2588648074255378, 0.13865102384165987, 0.055697334653737135, 0.01789928701037567, 0.004793533919704757, 0.0011003455417465387], "draw_prob": 0.24775619024475865, "heatmap": [[0.09732032004289129, 0.1563777109998967, 0.12563660131198592, 0.06729243568152468, 0.02703196273616563, 0.008687181576577352, 0.00232647811780542, 0.0005340381162997473], [0.0703540586438778, 0.11304737433491133, 0.09082424731675134, 0.04864653100340041, 0.01954173897867522, 0.0062800706144326025, 0.0016818397007083892, 0.0003860627352608347], [0.025429907985735932, 0.04086166999856525, 0.03282898380930431, 0.017583588368421346, 0.007063481960926276, 0.0022699702184536645, 0.0006079113225331138, 0.000139544754398599], [0.00612786461912026, 0.0098464682610266, 0.007910825649843023, 0.004237130905092634, 0.001702092717772832, 0.0005469964813054492, 0.00014648886213048035, 3.362620752472433e-05], [0.0011074772118128205, 0.001779533311147252, 0.0014297083369774685, 0.0007657685364353888, 0.00030761595017035214, 9.885762425256573e-05, 2.6474650906564556e-05, 6.077199949411961e-06], [0.00016012178478718182, 0.00025728931198748734, 0.00020671075503866698, 0.00011071670232129926, 4.447587223005231e-05, 1.4293078960271002e-05, 3.827770277853065e-06, 8.786565466350028e-07], [1.929233523570229e-05, 3.099960237155163e-05, 2.4905625354672816e-05, 1.3339744746243639e-05, 5.358692685713305e-06, 1.7221071524927541e-06, 4.611903839552397e-07, 1.0586527421772753e-07], [1.9923809832340385e-06, 3.2014277949409653e-06, 2.5720833546564318e-06, 1.377637980519184e-06, 5.534092825762506e-07, 1.7784749745423875e-07, 4.7628601691638345e-08, 1.0933044473844844e-08]]}, {"id": "a1d0ed1f-fa11-4d32-a5fa-9fdc5d52da15", "home_win_prob": 0.2820118346006675, "away_win_prob": 0.4708476181867616, "home_goals_probs": [0.3050279253428499, 0.36217550136999777, 0.21501489354650663, 0.08509945090513024, 0.025260749702862836, 0.00599868007385431, 0.0011870907452514038, 0.0002013563584148504], "away_goals_probs": [0.200521230623988, 0.32220456157606, 0.2588648074255378, 0.13865102384165987, 0.055697334653737135, 0.01789928701037567, 0.004793533919704757, 0.0011003455417465387], "draw_prob": 0.24683832905229275, "heatmap": [[0.061164574964430195, 0.0982813889535481, 0.07896099515328817, 0.04229243414908353, 0.016989242436555856, 0.005459782381891112, 0.0014621617065881211, 0.00033563611775920093], [0.07262387723657181, 0.11669459863250985, 0.09375449141639207, 0.05021600407531668, 0.020172210103189796, 0.006482683247148296, 0.001736100550703161, 0.00039851819826229444], [0.043115051056431285, 0.06927877950747538, 0.05565978901153895, 0.02981203513142865, 0.011975756481397445, 0.0038486132910942935, 0.001030681185456887, 0.00023659067952300518], [0.017064246620922364, 0.02741943126925093, 0.02202925297057555, 0.011799125996359376, 0.004739812595912313, 0.0015232194961762996, 0.0004079271044619915, 9.36388014085385e-05], [0.005065316616902595, 0.008139128783093507, 0.0065391191072563, 0.0035024288093098376, 0.0014069564298046422, 0.0004521494090288038, 0.00012108826053784487, 2.7795553316720324e-05], [0.0012028627105288615, 0.0019328020832312751, 0.0015528471621257067, 0.0008317231339384639, 0.0003341104915541681, 0.00010737209632533981, 2.875487640747767e-05, 6.600620875629387e-06], [0.00023803689710015852, 0.00038248605312472686, 0.0003072960171661428, 0.00016459134722206616, 6.611779050262166e-05, 2.1248077956615624e-05, 5.690359753130202e-06, 1.3062100091859581e-06], [4.0376224783310605e-05, 6.487793718360887e-05, 5.212407494496782e-05, 2.7918265251247232e-05, 1.1215012479289763e-05, 3.6041352506314793e-06, 9.652085340098136e-07, 2.2156157128409878e-07]]}, {"id": "7dd5f826-6868-4a63-a6c6-aed51567438a", "home_win_prob": 0.3180599534449629, "away_win_prob": 0.4496995737366107, "home_goals_probs": [0.23645274381397627, 0.34096648946466845, 0.24583801621968754, 0.11816670569536793, 0.04259930141078437, 0.01228569736294505, 0.0029526767398988275, 0.0006082543213426755], "away_goals_probs": [0.17346948332715426, 0.30387578907567997, 0.26615775125189556, 0.15541426485899543, 0.06806187385503568, 0.023845526287367257, 0.006961914354731076, 0.0017422226314431346], "draw_prob": 0.2316392447962379, "heatmap": [[0.04101733530069843, 0.07185226410558164, 0.06293373057086848, 0.0367481293537415, 0.01609341682214392, 0.0056383401183362864, 0.001646163751374071, 0.00041195332153953513], [0.05914728075930962, 0.10361146103444065, 0.0907508740881693, 0.05299105630170386, 0.023206818194738615, 0.008130525387641082, 0.0023737794974863376, 0.0005940395345090625], [0.042645393655801764, 0.07470422116355736, 0.06543169356925906, 0.03820673456517653, 0.016732196048716588, 0.005862136878200777, 0.0017115032140584538, 0.000428304555527024], [0.02049831738344737, 0.03590800093565358, 0.031450984660723685, 0.018364791696454875, 0.008042647416903258, 0.002817747286950486, 0.0008226664846318644, 0.00020587270894555036], [0.007389678805826478, 0.012944896330274827, 0.01133813426839607, 0.00662053911226382, 0.002899388278933449, 0.0010158027616143398, 0.00029657268799325546, 7.421746700153598e-05], [0.0021311935738638596, 0.003733325980509928, 0.003269933582682798, 0.0019093726239422038, 0.0008361875841379105, 0.0002929589194267448, 8.553197282896888e-05, 2.1404419988784107e-05], [0.0005121993085023559, 0.0008972469742221624, 0.00078587780126525, 0.00045888808489763153, 0.00020096471180569198, 7.040813081935534e-05, 2.05562825803822e-05, 5.144220239587472e-06], [0.00010551356285482277, 0.0001848337618566977, 0.00016189160235781437, 9.453139819877908e-05, 4.1398928891005515e-05, 1.45041444089815e-05, 4.234614491082781e-06, 1.059714444316294e-06]]}, {"id": "17715e54-6eba-46ec-86aa-fb81d8b44e21", "home_win_prob": 0.5600242018003952, "away_win_prob": 0.19140131777911848, "home_goals_probs": [0.19901230234825895, 0.3212831992004845, 0.2593379727547312, 0.13955742530764378, 0.05632498034789795, 0.018186081631687015, 0.004893233917875165, 0.0011285116038563525], "away_goals_probs": [0.437301382855833, 0.3617062552838892, 0.1495895282300374, 0.041243461380049584, 0.008528453462289603, 0.0014108324767061944, 0.0001944909361478537, 2.2981400719006204e-05], "draw_prob": 0.24829557428081564, "heatmap": [[0.08702835502221677, 0.0719839946378139, 0.029770156420249622, 0.00820795620605517, 0.0016972671590002343, 0.00028077301941699617, 3.8706088988652586e-05, 4.573581468277358e-06], [0.14049758729871792, 0.11621014286843508, 0.0480606021966376, 0.01325083121828396, 0.002740048812596852, 0.00045327677165210914, 6.248667018107959e-05, 7.383537945110627e-06], [0.11340885411267229, 0.09380416697802911, 0.038794244996514536, 0.010695995663690108, 0.002211751831643254, 0.000365882434405521, 5.0438885099754245e-05, 5.959949873531191e-06], [0.061028655074832246, 0.050478793705088905, 0.020876329412769117, 0.005755831280974961, 0.0011902090070531972, 0.00019689214798952282, 2.714265429446781e-05, 3.2072251143077396e-06], [0.02463099179546339, 0.02037309772057682, 0.008425627237808183, 0.0023230371517105807, 0.0004803649736614241, 7.946511152465259e-05, 1.0954698156372135e-05, 1.2944269438651923e-06], [0.007952798646265795, 0.006578019485284632, 0.0027204473716370093, 0.0007500569554309125, 0.00015509915085724246, 2.565751459001402e-05, 3.5370280414080943e-06, 4.179416294863575e-07], [0.0021398179589238752, 0.0017699133166627398, 0.0007319765532941636, 0.0002018139041154331, 4.173171774869537e-05, 6.903533327458574e-06, 9.516896454779707e-07, 1.1245336947852186e-07], [0.0004934996849352369, 0.00040818970627529714, 0.00016881351842299464, 4.654372475058729e-05, 9.624458695142702e-06, 1.5921408210603375e-06, 2.1948527828773782e-07, 2.5934777384271226e-08]]}, {"id": "f91b242b-f93a-48fe-9f9b-82fb19d48a83", "home_win_prob": 0.2794575622336154, "away_win_prob": 0.48554637762594993, "home_goals_probs": [0.2791103755008893, 0.3561861375048631, 0.22727310714077886, 0.09667803767109213, 0.030843870241135347, 0.007872268443747759, 0.001674363224792288, 0.00030524788868340527], "away_goals_probs": [0.17346948332715426, 0.30387578907567997, 0.26615775125189556, 0.15541426485899543, 0.06806187385503568, 0.023845526287367257, 0.006961914354731076, 0.0017422226314431346], "draw_prob": 0.23446832006359952, "heatmap": [[0.04841713262938728, 0.08481488559454207, 0.07428738989438886, 0.04337773382298888, 0.018996775168973166, 0.006655533796083401, 0.001943142529754022, 0.0004862724128682408], [0.06178742524126332, 0.10823634359210893, 0.09480170138539282, 0.05535640671328336, 0.024242695959768384, 0.008493445905068021, 0.0024797373836513235, 0.0006205555497672888], [0.03942494846986788, 0.06906279476808573, 0.06049049911662083, 0.03532148286850385, 0.0154686335488577, 0.005419446850737078, 0.0015822559070477222, 0.00039596035077906524], [0.01677068924388751, 0.029378114983591434, 0.025731609101983927, 0.01502514615266305, 0.00658008840452226, 0.0023053386886971094, 0.0006730642182496081, 0.00016843466519408863], [0.0053504702345395375, 0.009372705407672887, 0.008209335143285845, 0.004793577418932296, 0.0020992916055532426, 0.0007354883186391376, 0.0002147323829872228, 5.3736888775401415e-05], [0.0013655983395495844, 0.0023921917851594254, 0.002095265266239163, 0.001223462812957726, 0.000535801341771338, 0.00018771838411659893, 5.480605868282399e-05, 1.371524424349297e-05], [0.00029045092350670604, 0.0005087984461330566, 0.00044564475068958745, 0.00026021992968803035, 0.00011396029859332345, 3.9926072291385514e-05, 1.1656773369715244e-05, 2.9171135034892326e-06], [5.2951193536615006e-05, 9.27574430373551e-05, 8.124409162636409e-05, 4.74398762194919e-05, 2.07757432940859e-05, 7.2787965537634945e-06, 2.1251096579763524e-06, 5.318097798644633e-07]]}, {"id": "ceb9ba05-2ef5-46a1-b319-fa4148d2175c", "home_win_prob": 0.38463466894430787, "away_win_prob": 0.3814255115677846, "home_goals_probs": [0.19901230234825895, 0.3212831992004845, 0.2593379727547312, 0.13955742530764378, 0.05632498034789795, 0.018186081631687015, 0.004893233917875165, 0.0011285116038563525], "away_goals_probs": [0.200521230623988, 0.32220456157606, 0.2588648074255378, 0.13865102384165987, 0.055697334653737135, 0.01789928701037567, 0.004793533919704757, 0.0011003455417465387], "draw_prob": 0.23339572520522198, "heatmap": [[0.03990619177618606, 0.06412267162636306, 0.05151728132269496, 0.027593259477672074, 0.011084454804101695, 0.003562178318327147, 0.0009539722217449179, 0.00021898229964162095], [0.06442410248249303, 0.10351891234014604, 0.08316891349009412, 0.04454624451227113, 0.017894617864492677, 0.005750740194101171, 0.0015400819131987827, 0.00035352253587831817], [0.05200276944430897, 0.08355987781146235, 0.06713347437528286, 0.03595747544346397, 0.014444433856942027, 0.004641964807025919, 0.001243145369067272, 0.0002853613821262538], [0.027984226665404018, 0.0449660390359331, 0.03612650602706708, 0.019349779903610784, 0.00777297662077376, 0.002497978410010581, 0.0006689732519588535, 0.0001535613907548914], [0.011294354374232436, 0.018148165598774652, 0.014580555191005803, 0.0078095161930974225, 0.0031371512798020395, 0.0010081769891007947, 0.0002699957038243527, 6.197694101477091e-05], [0.003646695469014184, 0.0058596384589241525, 0.004707736519411769, 0.002521518837901409, 0.0010129162746802536, 0.00032551789471968695, 8.717559916801134e-05, 2.0010973845265425e-05], [0.0009811972869433663, 0.0015766222891980739, 0.0012666860558388645, 0.0006784518926101282, 0.00027254008706291036, 8.758539830495259e-05, 2.345588276238